pair,
